6 11806208
7 11316904
8 11170752
4 10944688
5 10897604
9 10441824
3 10291948
11 10135388
10 9857616
12 9674100
13 9235884
14 8907784
15 8702972
1 8359140
16 8169020
17 7853740
18 7673572
0 7517824
2 7436628
19 7289560
20 7190012
22 6820432
21 6777148
23 6352124
24 6332612
25 6294800
26 6199272
27 6076852
28 5983916
29 5662992
30 5456860
31 5331016
32 5277664
33 4975160
36 4869312
34 4853960
35 4832936
37 4699732
40 4596400
38 4574492
39 4541600
42 4337044
41 4306764
43 4174416
44 4162896
45 4138104
47 4095792
46 4042744
48 3887236
49 3776072
50 3737004
51 3708980
52 3695808
53 3627088
55 3446508
56 3445392
54 3435640
57 3370796
58 3233744
59 3230084
60 3149796
61 3069160
63 2996384
64 2978796
62 2971404
67 2892628
65 2827716
68 2811808
66 2806716
69 2707792
71 2627180
70 2625064
72 2577520
73 2547320
76 2533100
74 2520220
75 2491128
78 2367268
77 2353460
79 2316408
81 2282260
80 2252440
82 2220276
85 2214228
84 2205924
83 2185712
87 2152928
86 2147320
89 2057984
91 2042656
88 2040120
90 2002264
92 1993400
93 1955908
95 1930240
94 1926644
96 1884876
97 1884160
98 1877484
101 1824692
99 1819812
100 1819700
102 1808768
104 1760244
103 1752952
105 1733476
106 1680840
109 1672660
107 1669392
110 1614928
108 1592556
113 1591612
112 1585948
111 1580228
114 1554812
117 1530980
116 1516724
115 1493764
120 1489616
119 1484068
118 1471336
121 1467848
122 1420808
124 1403636
123 1393972
125 1389776
126 1357808
127 1333588
128 1331012
132 1308704
131 1296600
129 1287176
130 1280732
134 1258840
133 1245088
135 1226056
138 1220888
136 1218084
137 1217612
140 1210316
141 1182336
139 1165640
142 1147888
143 1147060
144 1140392
145 1124484
146 1112836
147 1111776
148 1099404
149 1093824
150 1051640
151 1047220
152 1039544
156 1036896
153 1033660
155 1016528
154 984600
157 984352
162 970372
159 969256
158 957388
160 932476
165 931792
168 923596
169 922856
164 916660
161 907812
163 906964
172 901832
170 891900
167 881488
166 879208
171 872056
173 861500
175 832344
176 823352
177 810380
174 800140
178 784812
180 783092
179 779792
182 779048
181 765136
184 760564
183 755456
185 750804
187 738352
186 737756
189 731700
188 721000
190 719416
191 709776
192 687424
193 685996
196 684640
194 675028
197 672512
195 670716
198 662768
199 652144
202 637396
201 636368
200 630908
204 627588
203 621124
205 612020
207 609276
206 607808
208 605496
213 601888
209 597412
210 594216
212 585892
211 581892
216 580284
215 576336
214 572348
217 567872
220 553076
222 548556
223 547720
229 546604
221 541960
219 541636
225 540404
224 536796
218 535112
226 528536
227 526816
228 521436
230 499328
234 497528
232 494904
231 491424
233 487328
240 484760
237 482828
236 480680
242 473616
241 465924
244 464332
247 463680
235 461540
238 460116
243 458660
239 458348
250 455136
245 447616
248 447304
246 444392
252 441404
254 441124
251 441040
249 438828
253 434564
257 429776
260 428344
259 427436
258 425400
255 424784
256 423448
267 423132
262 422304
263 420744
261 419764
269 415388
268 412056
264 411632
266 409344
265 403376
271 392268
270 390552
272 387412
273 384244
276 384160
274 378620
275 375464
279 362240
282 357156
284 356160
281 356056
280 354976
278 353608
283 351540
285 349360
277 344840
289 342176
286 340096
292 334060
287 331576
296 328272
293 327492
288 327040
290 324184
294 323708
291 322760
297 318704
295 318516
302 315496
299 311904
305 311524
298 311300
301 306868
300 305092
308 305084
304 303704
310 301596
309 300336
313 300312
323 299560
306 298336
303 296948
312 293788
311 286824
307 281260
318 278412
314 277040
315 275256
317 273588
328 271496
325 268572
330 267984
322 267740
316 267400
327 266248
324 266096
329 265528
320 262336
319 261728
326 261264
331 260980
337 260884
333 260824
332 260276
334 256292
335 254252
321 252128
338 245360
336 241532
339 239324
344 217456
340 216160
341 212364
342 208404
343 206668
353 205836
346 204176
347 204004
345 203936
350 196148
349 193896
351 193644
354 193060
357 191996
348 191416
362 191200
358 191012
355 190580
352 189804
356 186320
363 185680
359 184596
361 182504
365 182080
364 178920
360 177596
368 177524
367 173020
369 172996
370 172204
373 172164
366 170712
371 168356
376 167560
375 165524
380 164928
372 164856
377 164344
378 163892
379 161028
374 158164
381 156844
383 156032
382 155664
385 148808
392 148740
386 146140
384 142744
388 142164
390 140536
387 139176
393 134996
391 133208
389 131380
401 120948
399 120304
396 120080
397 119748
394 118060
395 117548
398 116712
406 115236
404 112700
407 112104
402 111696
403 110324
400 109948
405 107056
410 106748
409 105492
414 103328
408 101444
412 100316
411 99368
415 95640
413 93916
417 91660
416 89524
418 84504
419 82956
421 81652
420 79512
425 79304
423 79212
426 76508
422 75380
427 74700
428 74224
424 73468
430 70048
433 69304
432 68836
429 68628
431 68540
438 65984
434 65068
435 65044
437 64656
439 64656
436 64548
442 63804
444 62380
440 60240
441 59912
449 56592
443 54568
445 53832
447 53708
448 53156
446 51244
450 51228
453 50808
455 50492
456 45960
452 45472
454 44240
457 42000
451 41972
461 38128
458 38036
463 35792
459 35020
462 34984
460 33776
466 33036
470 33004
465 32020
464 31224
469 30956
467 29776
472 29684
468 29604
471 29068
473 29024
474 25508
475 24468
480 23248
476 23196
478 22320
477 22052
485 21408
482 21188
481 20808
484 20584
483 20420
479 17824
486 17320
488 16288
492 16252
489 15820
487 15712
490 14532
491 14288
493 12564
494 9704
499 7956
496 7820
498 7672
495 7528
497 7400
500 5820
503 5564
502 5104
501 4020
504 2712
506 2052
507 1704
505 1592
508 1364
509 476
madeupword0000 0
madeupword0001 0
madeupword0002 0
madeupword0003 0
madeupword0004 0
madeupword0005 0
